12735488
14362112
94721
21051906
1431045
43014
51207
17279496
1155592
6105098
2322441
5971474
2380307
120338
20234774
10886166
5052448
2096673
1645089
68646
24871974
27367464
26548265
6263850
39464
13186604
8510508
46126
44079
21235248
1424432
100404
816692
993846
111161
71230
120903
12037194
1323594
40525
33870
9218128
1684562
93779
2404435
29414998
52311
1392214
468569
11687002
21357150
11315808
28814949
359013
23137904
14966898
149624
5463162
89218
19121796
32907397
6333060
330373
22660
3521164
3315342
18259086
1655441
6208148
20202136
14824600
22048412
3460252
20215968
6412452
6587046
8772262
94889
114214
23063732
245429
13622970
1340094
114369
358082
19862722
21247172
32308418
8367814
790724
26736843
7510222
1517268
14998742
30319830
6718170
46812
77533
38109
26470109
18412256
105695
19864802
21191906
1663202
3774694
5537002
117998
17505010
97523
4978420
27004149
8542964
110322
104691
3393786
49406
13560574
15574270
2771200
9466114
2582782
21909764
109830
3083016
47880
39689
482571
1609486
20256528
40724
110357
18925334
27489557
10872600
3783958
5177114
5779228
458525
49949
795421
5177120
1853728
9362722
317219
10655524
120611
11304740
60196
11152168
48424
1896747
28620587
5362988
14395694
22022452
9214772
21454134
20115766
1446714
19637052
48445
14088510
77631
110912
1877830
108358
1877832
26047818
6495056
18573650
10676052
8864596
15314262
1262426
120667
59740
2267998
5672290
2294629
15823728
27665778
241527
15398776
6166392
1707386
2049403
33149
38787
9411972
7775622
28259207
12349832
32308617
14921098
32138
22773644
2494362
62362
10954652
78748
24169886
120737
23468450
14858658
36775
2316204
327597
27657135
11389872
13186482
16426418
32020404
33717
28448182
14230458
11762114
316356
13433802
26681810
38355
382932
57298
14539740
27534307
4919268
1485796
12747748
41959
6644200
37865
26753003
167404
21188080
87538
37365
36342
21692408
12584954
29142525
15239678